{
    "asset": {
        "version": "2.0",
        "generator": "Open Asset Import Library (assimp v5.4.0)"
    },
    "extensionsUsed": [
        "KHR_materials_volume",
        "FB_ngon_encoding"
    ],
    "accessors": [
        {
            "bufferView": 0,
            "byteOffset": 0,
            "componentType": 5126,
            "count": 185864,
            "type": "VEC3",
            "max": [
                23.449817657470703,
                53.39158630371094,
                12.363571166992188
            ],
            "min": [
                -23.543615341186523,
                -0.03726700320839882,
                -22.82906150817871
            ]
        },
        {
            "bufferView": 1,
            "byteOffset": 0,
            "componentType": 5126,
            "count": 185864,
            "type": "VEC3",
            "max": [
                0.9999825954437256,
                0.9998564720153809,
                0.999996542930603
            ],
            "min": [
                -0.9999996423721313,
                -0.9999732971191406,
                -0.9999817609786987
            ]
        },
        {
            "bufferView": 2,
            "byteOffset": 0,
            "componentType": 5126,
            "count": 185864,
            "type": "VEC2",
            "max": [
                0.53125,
                0.25
            ],
            "min": [
                0.0,
                0.0
            ]
        },
        {
            "bufferView": 3,
            "byteOffset": 0,
            "componentType": 5125,
            "count": 232866,
            "type": "SCALAR",
            "max": [
                185863
            ],
            "min": [
                0
            ]
        },
        {
            "bufferView": 4,
            "byteOffset": 0,
            "componentType": 5123,
            "count": 185864,
            "type": "VEC4",
            "max": [
                31,
                31,
                31,
                31
            ],
            "min": [
                0,
                0,
                0,
                0
            ]
        },
        {
            "bufferView": 5,
            "byteOffset": 0,
            "componentType": 5126,
            "count": 185864,
            "type": "VEC4",
            "max": [
                1.0,
                0.4999123513698578,
                0.3270338773727417,
                0.22090962529182434
            ],
            "min": [
                0.2639894485473633,
                0.0,
                0.0,
                0.0
            ]
        },
        {
            "bufferView": 6,
            "byteOffset": 0,
            "componentType": 5126,
            "count": 33,
            "type": "MAT4",
            "max": [
                0.9999140501022339,
                0.9977826476097107,
                0.8224189877510071,
                -0.0,
                0.3244573771953583,
                1.0,
                0.9998508095741272,
                0.0,
                0.9998893737792969,
                0.11383478343486786,
                0.9976531267166138,
                -0.0,
                23.921916961669922,
                24.703197479248047,
                36.37407684326172,
                1.0
            ],
            "min": [
                -1.0,
                -0.9977830648422241,
                -0.8224061727523804,
                -0.0,
                -0.324123352766037,
                -0.9936232566833496,
                -0.9918538928031921,
                0.0,
                -0.9999358654022217,
                -0.999777615070343,
                -1.0,
                -0.0,
                -23.702680587768555,
                -53.25816345214844,
                -10.759571075439453,
                1.0
            ]
        }
    ],
    "buffers": [
        {
            "byteLength": 12828872,
            "uri": "boss.bin"
        }
    ],
    "bufferViews": [
        {
            "buffer": 0,
            "byteOffset": 0,
            "byteLength": 2230368,
            "target": 34962
        },
        {
            "buffer": 0,
            "byteOffset": 2230368,
            "byteLength": 2230368,
            "target": 34962
        },
        {
            "buffer": 0,
            "byteOffset": 4460736,
            "byteLength": 1486912,
            "target": 34962
        },
        {
            "buffer": 0,
            "byteOffset": 5947648,
            "byteLength": 931464,
            "target": 34963
        },
        {
            "buffer": 0,
            "byteOffset": 6879112,
            "byteLength": 1486912
        },
        {
            "buffer": 0,
            "byteOffset": 9852936,
            "byteLength": 2973824
        },
        {
            "buffer": 0,
            "byteOffset": 12826760,
            "byteLength": 2112
        }
    ],
    "materials": [
        {
            "name": "material"
        }
    ],
    "meshes": [
        {
            "name": "Sphere.001mesh",
            "primitives": [
                {
                    "mode": 4,
                    "material": 0,
                    "indices": 3,
                    "attributes": {
                        "POSITION": 0,
                        "NORMAL": 1,
                        "TEXCOORD_0": 2,
                        "JOINTS_0": 4,
                        "WEIGHTS_0": 5
                    }
                }
            ]
        }
    ],
    "nodes": [
        {
            "name": "Armature",
            "matrix": [
                1.0,
                0.0,
                0.0,
                0.0,
                0.0,
                -1.1920928955078125e-7,
                1.0000001192092896,
                0.0,
                0.0,
                -1.0000001192092896,
                -1.1920928955078125e-7,
                0.0,
                0.0,
                0.0,
                0.0,
                1.0
            ],
            "children": [
                1,
                2
            ]
        },
        {
            "name": "Sphere.001",
            "mesh": 0,
            "skin": 0
        },
        {
            "name": "mixamorig:Hips",
            "matrix": [
                -0.9999998807907104,
                -1.5099578831723193e-7,
                0.0,
                0.0,
                0.0,
                5.960464477539063e-8,
                -0.9999999403953552,
                0.0,
                1.5099578831723193e-7,
                -0.9999999403953552,
                5.960464477539063e-8,
                0.0,
                -0.046898841857910156,
                4.053579807281494,
                -17.874637603759766,
                1.0
            ],
            "children": [
                3,
                25,
                30
            ]
        },
        {
            "name": "mixamorig:Spine",
            "matrix": [
                1.0,
                -9.513958509899112e-9,
                -6.409226216419484e-8,
                0.0,
                1.643241986926114e-8,
                0.9940606951713562,
                0.10882697254419327,
                0.0,
                6.267622154609853e-8,
                -0.10882697254419327,
                0.9940606951713562,
                0.0,
                6.169185695625856e-8,
                3.8000924587249756,
                0.41602328419685364,
                1.0
            ],
            "children": [
                4
            ]
        },
        {
            "name": "mixamorig:Spine1",
            "matrix": [
                1.0,
                -7.308639249359317e-10,
                3.987201194211032e-11,
                0.0,
                7.308638694247804e-10,
                0.9999999403953552,
                -5.2154067731180476e-8,
                0.0,
                -3.987197377819385e-11,
                5.2154067731180476e-8,
                0.9999999403953552,
                0.0,
                6.6621339556149906e-9,
                4.4599289894104,
                4.727371276658232e-7,
                1.0
            ],
            "children": [
                5
            ]
        },
        {
            "name": "mixamorig:Spine2",
            "matrix": [
                1.0,
                7.308545990625248e-10,
                -3.988291641388031e-11,
                0.0,
                -7.308547100848273e-10,
                1.0000001192092896,
                1.862645149230957e-7,
                0.0,
                3.988305866120534e-11,
                -1.862645149230957e-7,
                1.0000001192092896,
                0.0,
                -1.1176979342053528e-9,
                5.097062110900879,
                -4.1018974883400006e-9,
                1.0
            ],
            "children": [
                6,
                9,
                17
            ]
        },
        {
            "name": "mixamorig:Neck",
            "matrix": [
                1.0,
                9.51396650350489e-9,
                -5.192378194074365e-10,
                0.0,
                -9.51396650350489e-9,
                0.9940606951713562,
                -0.10882709920406342,
                0.0,
                -5.192234420192676e-10,
                0.10882709175348282,
                0.9940606355667114,
                0.0,
                2.9365452292040573e-9,
                5.734195232391357,
                -1.2330932008808304e-7,
                1.0
            ],
            "children": [
                7
            ]
        },
        {
            "name": "mixamorig:Head",
            "matrix": [
                1.0,
                2.6469779601696886e-22,
                -1.360901339603675e-23,
                0.0,
                -2.6469779601696886e-22,
                1.0,
                -6.768935634227091e-9,
                0.0,
                1.3609010240593129e-23,
                6.768935634227091e-9,
                1.0,
                0.0,
                1.634647901482822e-7,
                2.477752685546875,
                1.9257264137268066,
                1.0
            ],
            "children": [
                8
            ]
        },
        {
            "name": "mixamorig:HeadTop_End",
            "matrix": [
                1.0,
                0.0,
                -2.840876184140668e-23,
                0.0,
                0.0,
                1.0,
                -3.3087224502121107e-23,
                0.0,
                2.840876184140668e-23,
                3.3087224502121107e-23,
                1.0,
                0.0,
                9.443568842470995e-7,
                13.905316352844238,
                10.807307243347168,
                1.0
            ]
        },
        {
            "name": "mixamorig:LeftShoulder",
            "matrix": [
                -0.006983637809753418,
                -0.00021123886108398438,
                -0.9999755620956421,
                0.0,
                0.9977829456329346,
                0.06618428230285645,
                -0.006982356309890747,
                0.0,
                0.06618407368659973,
                -0.9978073835372925,
                -0.00025141239166259766,
                0.0,
                4.026517391204834,
                6.012421607971191,
                -0.029390214011073112,
                1.0
            ],
            "children": [
                10
            ]
        },
        {
            "name": "mixamorig:LeftArm",
            "matrix": [
                0.9955677390098572,
                -1.601874828338623e-7,
                0.09404721111059189,
                0.0,
                -0.08073510229587555,
                0.5128910541534424,
                0.8546488285064697,
                0.0,
                -0.04823610931634903,
                -0.8584537506103516,
                0.510617733001709,
                0.0,
                5.960464477539063e-8,
                8.119832992553711,
                -4.76837158203125e-7,
                1.0
            ],
            "children": [
                11
            ]
        },
        {
            "name": "mixamorig:LeftForeArm",
            "matrix": [
                0.06610226631164551,
                0.47525444626808167,
                -0.8773617744445801,
                0.0,
                -0.03570827469229698,
                0.8798483610153198,
                0.4739110469818115,
                0.0,
                0.9971736669540405,
                0.000002473592758178711,
                0.07513052225112915,
                0.0,
                -3.045424818992615e-7,
                13.0396146774292,
                6.724148988723755e-7,
                1.0
            ],
            "children": [
                12
            ]
        },
        {
            "name": "mixamorig:LeftHand",
            "matrix": [
                0.9983516335487366,
                -0.05739343538880348,
                0.000006122048944234848,
                0.0,
                0.05705295875668526,
                0.9924175143241882,
                -0.10886799544095993,
                0.0,
                0.006242232862859964,
                0.10868888348340988,
                0.9940561056137085,
                0.0,
                -0.000001952052116394043,
                7.570698261260986,
                1.4901161193847656e-8,
                1.0
            ],
            "children": [
                13
            ]
        },
        {
            "name": "mixamorig:LeftHandIndex1",
            "matrix": [
                0.9997903108596802,
                -0.020483756437897682,
                -0.000006214832865225617,
                0.0,
                0.020176401361823082,
                0.9847361445426941,
                0.17288094758987427,
                0.0,
                -0.003535130526870489,
                -0.1728447824716568,
                0.9849427342414856,
                0.0,
                6.48200511932373e-7,
                3.8226473331451416,
                -5.960464477539063e-8,
                1.0
            ],
            "children": [
                14
            ]
        },
        {
            "name": "mixamorig:LeftHandIndex2",
            "matrix": [
                0.9999999403953552,
                -0.0000019201547729608137,
                0.0000020279544514778536,
                0.0,
                0.000001920153863466112,
                0.9999999403953552,
                5.131606712893699e-7,
                0.0,
                -0.0000020279553609725554,
                -5.131568059368874e-7,
                0.9999999403953552,
                0.0,
                0.0000022649765014648438,
                0.6641619801521301,
                2.9802322387695313e-8,
                1.0
            ],
            "children": [
                15
            ]
        },
        {
            "name": "mixamorig:LeftHandIndex3",
            "matrix": [
                0.9999999403953552,
                3.819585572273354e-7,
                0.0000020824375042138854,
                0.0,
                -3.819588414444297e-7,
                0.9999999403953552,
                1.448202766596296e-7,
                0.0,
                -0.00000208243727684021,
                -1.4482105825663893e-7,
                0.9999998211860657,
                0.0,
                -0.20673419535160065,
                1.0583586692810059,
                -0.06503468751907349,
                1.0
            ],
            "children": [
                16
            ]
        },
        {
            "name": "mixamorig:LeftHandIndex4",
            "matrix": [
                1.0,
                -1.6298147276216923e-9,
                -5.541369674233465e-8,
                0.0,
                1.6298142835324825e-9,
                1.0,
                -8.847564458847046e-9,
                0.0,
                5.541369318962097e-8,
                8.847563570668626e-9,
                0.9999999403953552,
                0.0,
                -0.1680620312690735,
                0.75191730260849,
                -0.11933642625808716,
                1.0
            ]
        },
        {
            "name": "mixamorig:RightShoulder",
            "matrix": [
                -0.00750506017357111,
                0.0002134144597221166,
                0.999971866607666,
                0.0,
                -0.9977831840515137,
                0.06612671911716461,
                -0.0075027961283922195,
                0.0,
                -0.06612643599510193,
                -0.9978111982345581,
                -0.00028336048126220703,
                0.0,
                -4.026517391204834,
                6.012189865112305,
                -0.031503211706876755,
                1.0
            ],
            "children": [
                18
            ]
        },
        {
            "name": "mixamorig:RightArm",
            "matrix": [
                0.9952235817909241,
                2.607702853651972e-8,
                -0.09762066602706909,
                0.0,
                0.08380153030157089,
                0.5129130482673645,
                0.8543403148651123,
                0.0,
                0.05007094889879227,
                -0.8584405183792114,
                0.5104632377624512,
                0.0,
                2.60770320892334e-7,
                8.119832038879395,
                -8.493661880493164e-7,
                1.0
            ],
            "children": [
                19
            ]
        },
        {
            "name": "mixamorig:RightForeArm",
            "matrix": [
                0.08457183837890625,
                -0.4759567379951477,
                0.8753929734230042,
                0.0,
                0.04576973617076874,
                0.8794686794281006,
                0.4737509489059448,
                0.0,
                -0.9953656196594238,
                4.7683712978141557e-7,
                0.09616266936063766,
                0.0,
                -1.2479722499847412e-7,
                13.039202690124512,
                -0.0000018421560525894165,
                1.0
            ],
            "children": [
                20
            ]
        },
        {
            "name": "mixamorig:RightHand",
            "matrix": [
                0.998837411403656,
                0.048204582184553146,
                0.000004075467131769983,
                0.0,
                -0.04816722124814987,
                0.9980665445327759,
                -0.0392814576625824,
                0.0,
                -0.0018976139836013317,
                0.03923559561371803,
                0.9992281198501587,
                0.0,
                1.4901161193847656e-7,
                7.573548793792725,
                5.960464477539063e-8,
                1.0
            ],
            "children": [
                21
            ]
        },
        {
            "name": "mixamorig:RightHandIndex1",
            "matrix": [
                0.9979832172393799,
                0.06347831338644028,
                -6.984919309616089e-7,
                0.0,
                -0.06246715411543846,
                0.9820880889892578,
                0.17776568233966827,
                0.0,
                0.011284952983260155,
                -0.1774071604013443,
                0.9840729832649231,
                0.0,
                -0.0000020116567611694336,
                3.793668270111084,
                1.1920928955078125e-7,
                1.0
            ],
            "children": [
                22
            ]
        },
        {
            "name": "mixamorig:RightHandIndex2",
            "matrix": [
                1.0,
                0.000001091046442525112,
                -0.000003898515842593042,
                0.0,
                -0.000001091042349798954,
                1.0,
                0.0000010617098951115622,
                0.0,
                0.000003898516752087744,
                -0.0000010617055750117288,
                1.0,
                0.0,
                0.000001296401023864746,
                0.7233917117118835,
                -1.1920928955078125e-7,
                1.0
            ],
            "children": [
                23
            ]
        },
        {
            "name": "mixamorig:RightHandIndex3",
            "matrix": [
                0.9999999403953552,
                -0.0000017993155552176177,
                -0.0000021271400783007266,
                0.0,
                0.000001799314986783429,
                1.0000001192092896,
                -4.796331154466316e-7,
                0.0,
                0.000002127141215169104,
                4.796291932507302e-7,
                1.0,
                0.0,
                0.243937149643898,
                1.0166221857070923,
                -0.12321597337722778,
                1.0
            ],
            "children": [
                24
            ]
        },
        {
            "name": "mixamorig:RightHandIndex4",
            "matrix": [
                0.9999999403953552,
                -6.51925802230835e-9,
                2.8032809495925903e-7,
                0.0,
                6.519258910486769e-9,
                0.9999999403953552,
                -2.7939670577126208e-9,
                0.0,
                -2.8032809495925903e-7,
                2.7939686120248552e-9,
                0.9999998807907104,
                0.0,
                0.15039674937725067,
                0.7499847412109375,
                -0.009647130966186523,
                1.0
            ]
        },
        {
            "name": "mixamorig:LeftUpLeg",
            "matrix": [
                -0.9458833336830139,
                -0.3241231441497803,
                0.015761300921440125,
                0.0,
                0.32450631260871887,
                -0.9447674751281738,
                0.04594099521636963,
                0.0,
                2.2258609533309937e-7,
                0.04856947809457779,
                0.9988198280334473,
                0.0,
                3.6629819869995117,
                -2.1114161014556885,
                -0.06561120599508286,
                1.0
            ],
            "children": [
                26
            ]
        },
        {
            "name": "mixamorig:LeftLeg",
            "matrix": [
                0.9806065559387207,
                -0.1959868222475052,
                8.698552846908569e-7,
                0.0,
                0.1947309821844101,
                0.9743235111236572,
                0.11302017420530319,
                0.0,
                -0.022151309996843338,
                -0.11082813888788223,
                0.9935925602912903,
                0.0,
                -3.3527612686157227e-7,
                6.3087053298950195,
                4.3206608779655653e-7,
                1.0
            ],
            "children": [
                27
            ]
        },
        {
            "name": "mixamorig:LeftFoot",
            "matrix": [
                0.9958997964859009,
                -1.7881390590446244e-7,
                -0.09046197682619095,
                0.0,
                0.07383230328559875,
                0.5778142213821411,
                0.8128220438957214,
                0.0,
                0.0522700734436512,
                -0.8161683678627014,
                0.5754451155662537,
                0.0,
                -6.705522537231445e-7,
                4.800524711608887,
                -3.0547380447387695e-7,
                1.0
            ],
            "children": [
                28
            ]
        },
        {
            "name": "mixamorig:LeftToeBase",
            "matrix": [
                0.9873055815696716,
                -2.9802322387695313e-8,
                0.1588323563337326,
                0.0,
                -0.06779978424310684,
                0.9043158292770386,
                0.42144525051116943,
                0.0,
                -0.1436346173286438,
                -0.42686399817466736,
                0.8928359746932983,
                0.0,
                0.0000014528632164001465,
                10.285327911376953,
                5.960464477539063e-8,
                1.0
            ],
            "children": [
                29
            ]
        },
        {
            "name": "mixamorig:LeftToe_End",
            "matrix": [
                1.0,
                1.2077362043783069e-7,
                2.107990297872675e-7,
                0.0,
                -1.2077362043783069e-7,
                1.0,
                4.862884495082653e-8,
                0.0,
                -2.1079905820897693e-7,
                -4.862888047796332e-8,
                1.0000001192092896,
                0.0,
                4.91039827466011e-7,
                4.044487953186035,
                6.51925802230835e-8,
                1.0
            ]
        },
        {
            "name": "mixamorig:RightUpLeg",
            "matrix": [
                -0.9458325505256653,
                0.3244590759277344,
                -0.011568072251975536,
                0.0,
                -0.3246642053127289,
                -0.9452288150787354,
                0.03370257467031479,
                0.0,
                6.291083991527557e-7,
                0.03563260659575462,
                0.999364972114563,
                0.0,
                -3.6629819869995117,
                -2.1114161014556885,
                0.06671197712421417,
                1.0
            ],
            "children": [
                31
            ]
        },
        {
            "name": "mixamorig:RightLeg",
            "matrix": [
                0.9805718064308167,
                0.19616039097309113,
                -3.7997961044311523e-7,
                0.0,
                -0.19311608374118805,
                0.9653542041778564,
                0.175492525100708,
                0.0,
                0.0344250425696373,
                -0.17208294570446014,
                0.9844807386398315,
                0.0,
                -0.0000016093254089355469,
                6.305631637573242,
                -1.6033709471230395e-8,
                1.0
            ],
            "children": [
                32
            ]
        },
        {
            "name": "mixamorig:RightFoot",
            "matrix": [
                0.995564341545105,
                -3.501772880554199e-7,
                0.09408322721719742,
                0.0,
                -0.07362280040979385,
                0.6226119995117188,
                0.779059648513794,
                0.0,
                -0.05857762694358826,
                -0.7825307846069336,
                0.6198503375053406,
                0.0,
                -1.5366822481155396e-7,
                4.842103004455566,
                5.960464477539063e-8,
                1.0
            ],
            "children": [
                33
            ]
        },
        {
            "name": "mixamorig:RightToeBase",
            "matrix": [
                0.986125648021698,
                1.601874686230076e-7,
                -0.16600032150745392,
                0.0,
                0.07223271578550339,
                0.9003642201423645,
                0.4290997087955475,
                0.0,
                0.14946085214614868,
                -0.43513691425323486,
                0.8878723382949829,
                0.0,
                -4.470348358154297e-7,
                10.107905387878418,
                2.980232238769531e-7,
                1.0
            ],
            "children": [
                34
            ]
        },
        {
            "name": "mixamorig:RightToe_End",
            "matrix": [
                1.0,
                4.555732289190928e-7,
                0.0000010270086931996047,
                0.0,
                -4.555731152322551e-7,
                1.0,
                -1.0566715502591251e-7,
                0.0,
                -0.000001027008579512767,
                1.0566667896227955e-7,
                0.9999999403953552,
                0.0,
                6.37490302324295e-7,
                4.093898296356201,
                8.009374141693115e-8,
                1.0
            ]
        }
    ],
    "scenes": [
        {
            "nodes": [
                0
            ]
        }
    ],
    "skins": [
        {
            "name": "skin",
            "joints": [
                2,
                3,
                4,
                5,
                6,
                7,
                8,
                9,
                10,
                11,
                12,
                13,
                14,
                15,
                16,
                17,
                18,
                19,
                20,
                21,
                22,
                23,
                24,
                25,
                26,
                27,
                28,
                29,
                30,
                31,
                32,
                33,
                34
            ],
            "inverseBindMatrices": 6
        }
    ],
    "scene": 0
}