{
    "asset": {
        "version": "2.0",
        "generator": "Open Asset Import Library (assimp v5.4.0)"
    },
    "extensionsUsed": [
        "KHR_materials_volume",
        "FB_ngon_encoding"
    ],
    "accessors": [
        {
            "bufferView": 0,
            "byteOffset": 0,
            "componentType": 5126,
            "count": 13538,
            "type": "VEC3",
            "max": [
                0.588970959186554,
                1.65656578540802,
                0.3872949481010437
            ],
            "min": [
                -0.588970959186554,
                0.008110989816486835,
                -0.3393661081790924
            ]
        },
        {
            "bufferView": 1,
            "byteOffset": 0,
            "componentType": 5126,
            "count": 13538,
            "type": "VEC3",
            "max": [
                0.999870777130127,
                0.9999880790710449,
                0.9999982118606567
            ],
            "min": [
                -0.999870777130127,
                -0.999987006187439,
                -0.9999663829803467
            ]
        },
        {
            "bufferView": 2,
            "byteOffset": 0,
            "componentType": 5126,
            "count": 13538,
            "type": "VEC2",
            "max": [
                1.0,
                0.9750829935073853
            ],
            "min": [
                0.0,
                0.07595402002334595
            ]
        },
        {
            "bufferView": 3,
            "byteOffset": 0,
            "componentType": 5125,
            "count": 80880,
            "type": "SCALAR",
            "max": [
                13537
            ],
            "min": [
                0
            ]
        },
        {
            "bufferView": 4,
            "byteOffset": 0,
            "componentType": 5123,
            "count": 13538,
            "type": "VEC4",
            "max": [
                63,
                63,
                63,
                63
            ],
            "min": [
                0,
                0,
                0,
                0
            ]
        },
        {
            "bufferView": 5,
            "byteOffset": 0,
            "componentType": 5126,
            "count": 13538,
            "type": "VEC4",
            "max": [
                1.0,
                0.49944478273391724,
                0.32524555921554565,
                0.24063944816589355
            ],
            "min": [
                0.2611085772514343,
                0.0,
                0.0,
                0.0
            ]
        },
        {
            "bufferView": 6,
            "byteOffset": 0,
            "componentType": 5126,
            "count": 65,
            "type": "MAT4",
            "max": [
                0.9917604327201843,
                0.999505341053009,
                0.48551779985427856,
                -0.0,
                0.4158851206302643,
                1.0,
                0.9929587244987488,
                0.0,
                0.9893298745155334,
                0.5008373856544495,
                0.5692847967147827,
                -0.0,
                0.5095468163490295,
                0.4714162349700928,
                0.8818753957748413,
                1.0
            ],
            "min": [
                -1.0,
                -0.9998887181282043,
                -0.5477739572525024,
                -0.0,
                -0.4126286804676056,
                -0.990712583065033,
                -0.9879427552223206,
                0.0,
                -0.9873756766319275,
                -0.9947572350502014,
                -1.0,
                -0.0,
                -0.5202769041061401,
                -1.656477689743042,
                -0.12621645629405975,
                1.0
            ]
        }
    ],
    "buffers": [
        {
            "byteLength": 1194112,
            "uri": "player.bin"
        }
    ],
    "bufferViews": [
        {
            "buffer": 0,
            "byteOffset": 0,
            "byteLength": 162456,
            "target": 34962
        },
        {
            "buffer": 0,
            "byteOffset": 162456,
            "byteLength": 162456,
            "target": 34962
        },
        {
            "buffer": 0,
            "byteOffset": 324912,
            "byteLength": 108304,
            "target": 34962
        },
        {
            "buffer": 0,
            "byteOffset": 433216,
            "byteLength": 323520,
            "target": 34963
        },
        {
            "buffer": 0,
            "byteOffset": 756736,
            "byteLength": 108304
        },
        {
            "buffer": 0,
            "byteOffset": 973344,
            "byteLength": 216608
        },
        {
            "buffer": 0,
            "byteOffset": 1189952,
            "byteLength": 4160
        }
    ],
    "materials": [
        {
            "name": "material"
        }
    ],
    "meshes": [
        {
            "name": "Retopology_hp_Plane.002mesh",
            "primitives": [
                {
                    "mode": 4,
                    "material": 0,
                    "indices": 3,
                    "attributes": {
                        "POSITION": 0,
                        "NORMAL": 1,
                        "TEXCOORD_0": 2,
                        "JOINTS_0": 4,
                        "WEIGHTS_0": 5
                    }
                }
            ]
        }
    ],
    "nodes": [
        {
            "name": "Armature",
            "matrix": [
                1.0,
                0.0,
                0.0,
                0.0,
                0.0,
                -1.1920928955078125e-7,
                1.0000001192092896,
                0.0,
                0.0,
                -1.0000001192092896,
                -1.1920928955078125e-7,
                0.0,
                0.0,
                0.0,
                0.0,
                1.0
            ],
            "children": [
                1,
                2
            ]
        },
        {
            "name": "Retopology_hp_Plane.002",
            "mesh": 0,
            "skin": 0
        },
        {
            "name": "mixamorig:Hips",
            "matrix": [
                -0.9999998807907104,
                -1.5099578831723193e-7,
                0.0,
                0.0,
                0.0,
                5.960464477539063e-8,
                -0.9999999403953552,
                0.0,
                1.5099578831723193e-7,
                -0.9999999403953552,
                5.960464477539063e-8,
                0.0,
                4.1468215159785933e-17,
                -0.05079260468482971,
                -0.5228010416030884,
                1.0
            ],
            "children": [
                3,
                57,
                62
            ]
        },
        {
            "name": "mixamorig:Spine",
            "matrix": [
                1.0,
                1.2702489726734711e-8,
                -6.450078160469275e-8,
                0.0,
                -2.1939621674960108e-8,
                0.9893876314163208,
                -0.14529955387115479,
                0.0,
                6.197060287149725e-8,
                0.14529955387115479,
                0.9893876314163208,
                0.0,
                -1.4900800593409258e-9,
                0.0671965479850769,
                -0.009868353605270386,
                1.0
            ],
            "children": [
                4
            ]
        },
        {
            "name": "mixamorig:Spine1",
            "matrix": [
                1.0,
                1.525369224546658e-16,
                1.4432899320127035e-14,
                0.0,
                -1.52536710696429e-16,
                1.0,
                -1.4901161193847656e-8,
                0.0,
                -1.4432899320127035e-14,
                1.4901161193847656e-8,
                1.0,
                0.0,
                2.220446049250313e-16,
                0.07923684269189835,
                -3.725290298461914e-9,
                1.0
            ],
            "children": [
                5
            ]
        },
        {
            "name": "mixamorig:Spine2",
            "matrix": [
                1.0,
                1.1634357519540398e-14,
                -1.4044322108541177e-14,
                0.0,
                -1.1634359213606293e-14,
                1.0,
                -1.043081283569336e-7,
                0.0,
                1.4044320414475283e-14,
                1.043081283569336e-7,
                1.0,
                0.0,
                -1.998328202445124e-16,
                0.09055636078119278,
                0.0,
                1.0
            ],
            "children": [
                6,
                9,
                33
            ]
        },
        {
            "name": "mixamorig:Neck",
            "matrix": [
                1.0,
                -1.2702504825767846e-8,
                -9.277579815503145e-10,
                0.0,
                1.2702504825767846e-8,
                0.9893876910209656,
                0.1452997326850891,
                0.0,
                -9.27758092572617e-10,
                -0.1452997326850891,
                0.9893876910209656,
                0.0,
                2.156921542821556e-15,
                0.1018759086728096,
                1.1990778148174286e-8,
                1.0
            ],
            "children": [
                7
            ]
        },
        {
            "name": "mixamorig:Head",
            "matrix": [
                1.0,
                1.894167263902062e-15,
                -1.8420501671198594e-22,
                0.0,
                -1.894167263902062e-15,
                1.0,
                -3.3087224502121107e-23,
                0.0,
                1.8420501671198594e-22,
                3.3087224502121107e-23,
                1.0,
                0.0,
                -1.51570200834783e-10,
                0.058038175106048584,
                -0.0017337608151137829,
                1.0
            ],
            "children": [
                8
            ]
        },
        {
            "name": "mixamorig:HeadTop_End",
            "matrix": [
                1.0,
                1.0587911840678754e-22,
                -9.858955139334054e-23,
                0.0,
                -1.0587911840678754e-22,
                1.0,
                -1.1249656330721176e-22,
                0.0,
                9.858955139334054e-23,
                1.1249656330721176e-22,
                1.0,
                0.0,
                -1.9316537258617927e-9,
                0.7396557927131653,
                -0.022095544263720512,
                1.0
            ]
        },
        {
            "name": "mixamorig:LeftShoulder",
            "matrix": [
                -0.03758752718567848,
                -0.0005072355852462351,
                -0.9992932081222534,
                0.0,
                0.9457824230194092,
                -0.32286468148231506,
                -0.03541097417473793,
                0.0,
                -0.32261866331100464,
                -0.9464449882507324,
                0.012615563347935677,
                0.0,
                0.04510694369673729,
                0.08609698712825775,
                -0.0017403517849743366,
                1.0
            ],
            "children": [
                10
            ]
        },
        {
            "name": "mixamorig:LeftArm",
            "matrix": [
                0.998616635799408,
                -0.05258142575621605,
                -3.259629011154175e-8,
                0.0,
                0.05090711638331413,
                0.9668185710906982,
                -0.25034093856811523,
                0.0,
                0.013163314200937748,
                0.24999460577964783,
                0.9681577682495117,
                0.0,
                -2.2817403078079224e-8,
                0.09611118584871292,
                -1.076841726899147e-8,
                1.0
            ],
            "children": [
                11
            ]
        },
        {
            "name": "mixamorig:LeftForeArm",
            "matrix": [
                0.9912937879562378,
                0.13166853785514832,
                -1.1047814041376114e-7,
                0.0,
                -0.13166847825050354,
                0.9912932515144348,
                -0.0010351130040362477,
                0.0,
                -0.00013618229422718287,
                0.0010261157294735312,
                0.999999463558197,
                0.0,
                5.587935447692871e-9,
                0.20270226895809174,
                8.603092283010483e-8,
                1.0
            ],
            "children": [
                12
            ]
        },
        {
            "name": "mixamorig:LeftHand",
            "matrix": [
                0.8602103590965271,
                -0.3939531743526459,
                0.32378897070884705,
                0.0,
                0.4889424741268158,
                0.8175179958343506,
                -0.3043018877506256,
                0.0,
                -0.14482258260250092,
                0.42007777094841003,
                0.8958577513694763,
                0.0,
                7.916241884231567e-9,
                0.16405388712882996,
                1.30385160446167e-8,
                1.0
            ],
            "children": [
                13,
                17,
                21,
                25,
                29
            ]
        },
        {
            "name": "mixamorig:LeftHandThumb1",
            "matrix": [
                0.2701544463634491,
                0.9628169536590576,
                4.7683710135970614e-7,
                0.0,
                -0.2524545192718506,
                0.07083510607481003,
                0.9650124907493591,
                0.0,
                0.9291304349899292,
                -0.26070263981819153,
                0.2622039318084717,
                0.0,
                -0.008175437338650227,
                -0.009514201432466507,
                0.01951064169406891,
                1.0
            ],
            "children": [
                14
            ]
        },
        {
            "name": "mixamorig:LeftHandThumb2",
            "matrix": [
                1.0,
                -1.436847867353208e-7,
                0.0000011199591654076357,
                0.0,
                4.877518904322642e-7,
                0.9495255947113037,
                -0.31368961930274963,
                0.0,
                -0.000001018357465909503,
                0.31368961930274963,
                0.9495255947113037,
                0.0,
                -0.00909518077969551,
                0.016174063086509705,
                -2.0489096641540527e-7,
                1.0
            ],
            "children": [
                15
            ]
        },
        {
            "name": "mixamorig:LeftHandThumb3",
            "matrix": [
                1.0,
                7.897726277406036e-7,
                -0.000001208024855259282,
                0.0,
                -0.0000010467956599313766,
                0.9731096029281616,
                -0.23034322261810303,
                0.0,
                9.936218248185469e-7,
                0.23034322261810303,
                0.9731096029281616,
                0.0,
                0.0022772718220949173,
                0.023062676191329956,
                8.195638656616211e-8,
                1.0
            ],
            "children": [
                16
            ]
        },
        {
            "name": "mixamorig:LeftHandThumb4",
            "matrix": [
                1.0,
                8.940696005765858e-8,
                -2.123415470123291e-7,
                0.0,
                -8.940698847936801e-8,
                1.0000001192092896,
                -5.960463766996327e-8,
                0.0,
                2.123415470123291e-7,
                5.960465188081798e-8,
                1.0,
                0.0,
                0.006817873567342758,
                0.020657919347286224,
                -1.601874828338623e-7,
                1.0
            ]
        },
        {
            "name": "mixamorig:LeftHandIndex1",
            "matrix": [
                0.8107092380523682,
                0.585448682308197,
                5.178152377993683e-7,
                0.0,
                -0.5726736783981323,
                0.793018639087677,
                0.20776452124118805,
                0.0,
                0.12163504958152771,
                -0.1684369295835495,
                0.9781786203384399,
                0.0,
                -0.029690608382225037,
                0.02080758661031723,
                -0.0022282430436462164,
                1.0
            ],
            "children": [
                18
            ]
        },
        {
            "name": "mixamorig:LeftHandIndex2",
            "matrix": [
                0.9999998807907104,
                -1.0598869693012603e-7,
                -7.290929460168627e-8,
                0.0,
                1.0635286429305779e-7,
                0.9999873042106628,
                0.005013043526560068,
                0.0,
                7.237705546003781e-8,
                -0.005013043526560068,
                0.9999873638153076,
                0.0,
                0.00004942808300256729,
                0.019004469737410545,
                -1.6693957149982452e-7,
                1.0
            ],
            "children": [
                19
            ]
        },
        {
            "name": "mixamorig:LeftHandIndex3",
            "matrix": [
                0.9999999403953552,
                -1.0730213384491094e-9,
                1.3322018332928565e-7,
                0.0,
                -4.798311525888721e-9,
                0.9990286231040955,
                0.04406457394361496,
                0.0,
                -1.331380730107412e-7,
                -0.04406457394361496,
                0.9990286231040955,
                0.0,
                0.00003933161497116089,
                0.01808542013168335,
                2.9802322387695313e-8,
                1.0
            ],
            "children": [
                20
            ]
        },
        {
            "name": "mixamorig:LeftHandIndex4",
            "matrix": [
                1.0,
                1.0989607091005382e-7,
                -1.434236764907837e-7,
                0.0,
                -1.0989606380462646e-7,
                0.9999999403953552,
                4.4703490686970326e-8,
                0.0,
                1.434236764907837e-7,
                -4.470348002882929e-8,
                1.0,
                0.0,
                -0.00008881092071533203,
                0.0163278691470623,
                1.2665987014770508e-7,
                1.0
            ]
        },
        {
            "name": "mixamorig:LeftHandMiddle1",
            "matrix": [
                0.9180207848548889,
                0.3965318500995636,
                2.9057258643661044e-7,
                0.0,
                -0.3832935392856598,
                0.8873723149299622,
                0.25623470544815063,
                0.0,
                0.10160496830940247,
                -0.23522891104221344,
                0.9666144251823425,
                0.0,
                -0.010868792422115803,
                0.031001828610897064,
                -0.0024827299639582634,
                1.0
            ],
            "children": [
                22
            ]
        },
        {
            "name": "mixamorig:LeftHandMiddle2",
            "matrix": [
                0.9999999403953552,
                2.0267938793949725e-7,
                -7.971883064783469e-8,
                0.0,
                -1.9313272048293584e-7,
                0.9944137930870056,
                0.10555189102888107,
                0.0,
                1.0066670341757344e-7,
                -0.10555189102888107,
                0.9944137930870056,
                0.0,
                0.00031054485589265823,
                0.019889578223228455,
                -4.21423465013504e-8,
                1.0
            ],
            "children": [
                23
            ]
        },
        {
            "name": "mixamorig:LeftHandMiddle3",
            "matrix": [
                0.9999998807907104,
                7.124540069014529e-9,
                -1.2044918662468262e-7,
                0.0,
                2.2724194082002214e-8,
                0.9692711234092712,
                0.2459942102432251,
                0.0,
                1.1850054448814262e-7,
                -0.24599424004554749,
                0.9692712426185608,
                0.0,
                0.00007400242611765862,
                0.019016750156879425,
                7.008202373981476e-8,
                1.0
            ],
            "children": [
                24
            ]
        },
        {
            "name": "mixamorig:LeftHandMiddle4",
            "matrix": [
                1.0,
                1.4901161193847656e-8,
                -9.487848728895187e-9,
                0.0,
                -1.4901161193847656e-8,
                1.0,
                -2.3283064365386963e-8,
                0.0,
                9.487848728895187e-9,
                2.3283064365386963e-8,
                1.0,
                0.0,
                -0.0003846278414130211,
                0.015824370086193085,
                -7.543712854385376e-8,
                1.0
            ]
        },
        {
            "name": "mixamorig:LeftHandRing1",
            "matrix": [
                0.9788445234298706,
                0.20460490882396698,
                2.495944215752388e-7,
                0.0,
                -0.18973706662654877,
                0.9077152013778687,
                0.37423643469810486,
                0.0,
                0.07657038420438766,
                -0.36631935834884644,
                0.9273332357406616,
                0.0,
                0.010800184682011604,
                0.03860010951757431,
                -0.001690422184765339,
                1.0
            ],
            "children": [
                26
            ]
        },
        {
            "name": "mixamorig:LeftHandRing2",
            "matrix": [
                1.0,
                7.550949021606357e-7,
                -6.084650863158458e-7,
                0.0,
                -6.754166292921582e-7,
                0.9925642013549805,
                0.12172192335128784,
                0.0,
                6.958522931199695e-7,
                -0.12172193080186844,
                0.9925642609596252,
                0.0,
                0.00009499117732048035,
                0.018160395324230194,
                -1.043081283569336e-7,
                1.0
            ],
            "children": [
                27
            ]
        },
        {
            "name": "mixamorig:LeftHandRing3",
            "matrix": [
                1.0000001192092896,
                -2.9243582844173943e-7,
                4.917380920232972e-7,
                0.0,
                2.179289424475428e-7,
                0.9894003868103027,
                0.14521385729312897,
                0.0,
                -5.289914497552672e-7,
                -0.14521382749080658,
                0.9894002079963684,
                0.0,
                -0.000006496906280517578,
                0.016687914729118347,
                -6.612390279769897e-8,
                1.0
            ],
            "children": [
                28
            ]
        },
        {
            "name": "mixamorig:LeftHandRing4",
            "matrix": [
                1.0,
                1.30385160446167e-8,
                1.1175870895385742e-8,
                0.0,
                -1.303851515643828e-8,
                0.9999999403953552,
                -6.332992796842518e-8,
                0.0,
                -1.1175870895385742e-8,
                6.332993507385254e-8,
                1.0,
                0.0,
                -0.00008847936987876892,
                0.0145200090482831,
                -2.9802322387695313e-8,
                1.0
            ]
        },
        {
            "name": "mixamorig:LeftHandPinky1",
            "matrix": [
                0.9999978542327881,
                -0.002041925908997655,
                6.83852647398453e-7,
                0.0,
                0.0019092060392722487,
                0.9351191520690918,
                0.3543281853199005,
                0.0,
                -0.00072415143949911,
                -0.3543274402618408,
                0.9351209998130798,
                0.0,
                0.02975933626294136,
                0.033783987164497375,
                -0.004409864544868469,
                1.0
            ],
            "children": [
                30
            ]
        },
        {
            "name": "mixamorig:LeftHandPinky2",
            "matrix": [
                0.9999999403953552,
                -4.816451681932676e-9,
                -1.749418174767925e-7,
                0.0,
                3.2436449970418835e-8,
                0.9874025583267212,
                0.15822789072990417,
                0.0,
                1.7197589841089211e-7,
                -0.15822789072990417,
                0.9874025583267212,
                0.0,
                0.000023912638425827026,
                0.0196636114269495,
                -1.862645149230957e-8,
                1.0
            ],
            "children": [
                31
            ]
        },
        {
            "name": "mixamorig:LeftHandPinky3",
            "matrix": [
                1.0000001192092896,
                -3.256290028730291e-7,
                3.142793900678953e-7,
                0.0,
                2.9276918667164864e-7,
                0.9950454235076904,
                0.0994224101305008,
                0.0,
                -3.4509702118157293e-7,
                -0.0994223952293396,
                0.9950453042984009,
                0.0,
                -0.00000650063157081604,
                0.015288540162146091,
                -5.21540641784668e-8,
                1.0
            ],
            "children": [
                32
            ]
        },
        {
            "name": "mixamorig:LeftHandPinky4",
            "matrix": [
                1.0,
                2.011657187495075e-7,
                -3.3527609843986284e-7,
                0.0,
                -2.011656192735245e-7,
                0.9999999403953552,
                2.682209014892578e-7,
                0.0,
                3.352761552832817e-7,
                -2.682208730675484e-7,
                1.0,
                0.0,
                -0.00001738220453262329,
                0.01424899697303772,
                -3.725290298461914e-9,
                1.0
            ]
        },
        {
            "name": "mixamorig:RightShoulder",
            "matrix": [
                -0.06236839294433594,
                0.0005902945995330811,
                0.9980531930923462,
                0.0,
                -0.9457823634147644,
                -0.31941336393356323,
                -0.058912891894578934,
                0.0,
                0.3187565803527832,
                -0.9476154446601868,
                0.02047937922179699,
                0.0,
                -0.04510694369673729,
                0.08626285195350647,
                -0.002869764808565378,
                1.0
            ],
            "children": [
                34
            ]
        },
        {
            "name": "mixamorig:RightArm",
            "matrix": [
                0.9999280571937561,
                0.011991763487458229,
                3.143213334055872e-8,
                0.0,
                -0.011626196093857288,
                0.969446063041687,
                -0.245029017329216,
                0.0,
                -0.0029383606743067503,
                0.24501140415668488,
                0.9695157408714294,
                0.0,
                -5.704350769519806e-9,
                0.09611118584871292,
                -5.350375431589782e-8,
                1.0
            ],
            "children": [
                35
            ]
        },
        {
            "name": "mixamorig:RightForeArm",
            "matrix": [
                0.9921221733093262,
                -0.1252734214067459,
                -9.178437920809301e-8,
                0.0,
                0.1252734214067459,
                0.9921221137046814,
                -0.00038106212741695344,
                0.0,
                0.000047828027163632214,
                0.0003780487459152937,
                0.9999999403953552,
                0.0,
                -2.514570951461792e-8,
                0.2024957239627838,
                6.740447133779526e-8,
                1.0
            ],
            "children": [
                36
            ]
        },
        {
            "name": "mixamorig:RightHand",
            "matrix": [
                0.8523659110069275,
                0.41395333409309387,
                -0.3195541203022003,
                0.0,
                -0.5090773105621338,
                0.7966164946556091,
                -0.3259482681751251,
                0.0,
                0.1196347177028656,
                0.44050493836402893,
                0.8897429704666138,
                0.0,
                -6.752088665962219e-9,
                0.16413259506225586,
                -2.153683453798294e-9,
                1.0
            ],
            "children": [
                37,
                41,
                45,
                49,
                53
            ]
        },
        {
            "name": "mixamorig:RightHandThumb1",
            "matrix": [
                0.3021756410598755,
                -0.9532523155212402,
                -2.9802322387695313e-8,
                0.0,
                0.18389610946178436,
                0.05829394608736038,
                0.98121577501297,
                0.0,
                -0.9353460073471069,
                -0.2964995503425598,
                0.19291436672210693,
                0.0,
                0.007069410756230354,
                -0.010339824482798576,
                0.0183845404535532,
                1.0
            ],
            "children": [
                38
            ]
        },
        {
            "name": "mixamorig:RightHandThumb2",
            "matrix": [
                1.0,
                -7.736971383565105e-7,
                0.0000019340561721037375,
                0.0,
                0.0000014447132343775593,
                0.9264730215072632,
                -0.37636125087738037,
                0.0,
                -0.0000015006612557044718,
                0.37636125087738037,
                0.9264730215072632,
                0.0,
                0.009594259783625603,
                0.01498910877853632,
                1.2759119272232056e-7,
                1.0
            ],
            "children": [
                39
            ]
        },
        {
            "name": "mixamorig:RightHandThumb3",
            "matrix": [
                1.0,
                -8.518937022472528e-8,
                1.0704348518686402e-9,
                0.0,
                8.431133835529181e-8,
                0.9877309799194336,
                -0.15616512298583984,
                0.0,
                1.2246307079522012e-8,
                0.15616512298583984,
                0.9877309799194336,
                0.0,
                -0.0016962531954050064,
                0.02396596595644951,
                -3.259629011154175e-8,
                1.0
            ],
            "children": [
                40
            ]
        },
        {
            "name": "mixamorig:RightHandThumb4",
            "matrix": [
                1.0,
                8.102506399154663e-8,
                -3.7252867457482353e-9,
                0.0,
                -8.102506399154663e-8,
                1.0,
                6.705522537231445e-8,
                0.0,
                3.725292518907963e-9,
                -6.705523247774181e-8,
                1.0000001192092896,
                0.0,
                -0.007897868752479553,
                0.021879607811570168,
                5.3085386753082275e-8,
                1.0
            ]
        },
        {
            "name": "mixamorig:RightHandIndex1",
            "matrix": [
                0.8013525009155273,
                -0.5981923937797546,
                5.960464477539063e-8,
                0.0,
                0.5809687376022339,
                0.7782793641090393,
                0.23823700845241547,
                0.0,
                -0.14251159131526947,
                -0.19091178476810455,
                0.9712070822715759,
                0.0,
                0.031163159757852554,
                0.02311723679304123,
                -0.0016381475143134594,
                1.0
            ],
            "children": [
                42
            ]
        },
        {
            "name": "mixamorig:RightHandIndex2",
            "matrix": [
                1.0,
                -1.1041882430617989e-7,
                -7.749674324486477e-8,
                0.0,
                1.0937330330307304e-7,
                0.9999107122421265,
                -0.013363848440349102,
                0.0,
                7.896544218510826e-8,
                0.013363847509026527,
                0.9999106526374817,
                0.0,
                -0.000009213574230670929,
                0.01827343925833702,
                3.91155481338501e-8,
                1.0
            ],
            "children": [
                43
            ]
        },
        {
            "name": "mixamorig:RightHandIndex3",
            "matrix": [
                1.0,
                -1.351971405938457e-7,
                -9.971765280170075e-8,
                0.0,
                1.404743841249001e-7,
                0.9984880089759827,
                0.054971907287836075,
                0.0,
                9.213481177994254e-8,
                -0.05497189238667488,
                0.9984877705574036,
                0.0,
                -0.00007371604442596436,
                0.01703594997525215,
                3.4458935260772705e-8,
                1.0
            ],
            "children": [
                44
            ]
        },
        {
            "name": "mixamorig:RightHandIndex4",
            "matrix": [
                0.9999999403953552,
                1.734723806849052e-17,
                -4.6566133171666024e-9,
                0.0,
                1.734723806849052e-17,
                0.9999999403953552,
                7.450580596923828e-9,
                0.0,
                4.6566133171666024e-9,
                -7.450580596923828e-9,
                0.9999999403953552,
                0.0,
                0.00008292682468891144,
                0.015148445032536983,
                2.3283064365386963e-8,
                1.0
            ]
        },
        {
            "name": "mixamorig:RightHandMiddle1",
            "matrix": [
                0.914739191532135,
                -0.4040446877479553,
                1.1175870184843006e-7,
                0.0,
                0.3812585771083832,
                0.8631525039672852,
                0.3310740292072296,
                0.0,
                -0.13376878201961517,
                -0.3028462827205658,
                0.9436047673225403,
                0.0,
                0.01046147383749485,
                0.03097923845052719,
                -0.003674614941701293,
                1.0
            ],
            "children": [
                46
            ]
        },
        {
            "name": "mixamorig:RightHandMiddle2",
            "matrix": [
                1.0,
                -6.961638376878909e-8,
                -5.590091944895903e-8,
                0.0,
                7.287597014737912e-8,
                0.9981622099876404,
                0.0605987012386322,
                0.0,
                5.157952642775854e-8,
                -0.0605987012386322,
                0.9981622099876404,
                0.0,
                -0.00013592839241027832,
                0.020246267318725586,
                4.44706529378891e-8,
                1.0
            ],
            "children": [
                47
            ]
        },
        {
            "name": "mixamorig:RightHandMiddle3",
            "matrix": [
                1.0000001192092896,
                3.98775654275596e-7,
                -3.613873289509684e-8,
                0.0,
                -3.970395141550398e-7,
                0.9992215037345886,
                0.039449628442525864,
                0.0,
                5.184215012832283e-8,
                -0.03944963216781616,
                0.9992215633392334,
                0.0,
                0.00002305116504430771,
                0.01968458667397499,
                7.683411240577698e-9,
                1.0
            ],
            "children": [
                48
            ]
        },
        {
            "name": "mixamorig:RightHandMiddle4",
            "matrix": [
                1.0000001192092896,
                4.656613983300417e-10,
                2.043088898062706e-8,
                0.0,
                -4.656612873077393e-10,
                1.0000001192092896,
                -4.9476516217339395e-9,
                0.0,
                -2.043088720427022e-8,
                4.94765117764473e-9,
                1.0,
                0.0,
                0.00011288374662399292,
                0.017981814220547676,
                2.7474015951156616e-8,
                1.0
            ]
        },
        {
            "name": "mixamorig:RightHandRing1",
            "matrix": [
                0.9668806195259094,
                -0.25522851943969727,
                2.719461633660103e-7,
                0.0,
                0.22821125388145447,
                0.8645318150520325,
                0.4477771818637848,
                0.0,
                -0.11428575217723846,
                -0.4329470694065094,
                0.8941451907157898,
                0.0,
                -0.01110265962779522,
                0.03939048945903778,
                -0.0022565042600035667,
                1.0
            ],
            "children": [
                50
            ]
        },
        {
            "name": "mixamorig:RightHandRing2",
            "matrix": [
                1.0,
                -9.807245078263804e-7,
                5.615311806650425e-7,
                0.0,
                9.452507470086857e-7,
                0.9981970191001892,
                0.060024287551641464,
                0.0,
                -6.19385957634222e-7,
                -0.06002428010106087,
                0.9981968998908997,
                0.0,
                -0.00006194040179252625,
                0.018210891634225845,
                6.891787052154541e-8,
                1.0
            ],
            "children": [
                51
            ]
        },
        {
            "name": "mixamorig:RightHandRing3",
            "matrix": [
                0.9999999403953552,
                -9.220071461868429e-8,
                -4.629124532584683e-7,
                0.0,
                1.0151439511218996e-7,
