{
    "asset": {
        "version": "2.0",
        "generator": "Open Asset Import Library (assimp v5.4.0)"
    },
    "extensionsUsed": [
        "KHR_materials_specular",
        "KHR_materials_volume",
        "KHR_materials_ior",
        "FB_ngon_encoding"
    ],
    "accessors": [
        {
            "bufferView": 0,
            "byteOffset": 0,
            "componentType": 5126,
            "count": 13538,
            "type": "VEC3",
            "max": [
                0.5889710187911987,
                1.6565660238265991,
                0.33936578035354614
            ],
            "min": [
                -0.5889710187911987,
                0.0081110168248415,
                -0.3872952163219452
            ]
        },
        {
            "bufferView": 1,
            "byteOffset": 0,
            "componentType": 5126,
            "count": 13538,
            "type": "VEC3",
            "max": [
                0.999870777130127,
                0.9999880194664001,
                0.9999663829803467
            ],
            "min": [
                -0.999870777130127,
                -0.9999870657920837,
                -0.9999982714653015
            ]
        },
        {
            "bufferView": 2,
            "byteOffset": 0,
            "componentType": 5126,
            "count": 13538,
            "type": "VEC2",
            "max": [
                1.0,
                0.9240464568138123
            ],
            "min": [
                0.0,
                0.024916648864746094
            ]
        },
        {
            "bufferView": 3,
            "byteOffset": 0,
            "componentType": 5125,
            "count": 80880,
            "type": "SCALAR",
            "max": [
                13537
            ],
            "min": [
                0
            ]
        },
        {
            "bufferView": 4,
            "byteOffset": 0,
            "componentType": 5123,
            "count": 13538,
            "type": "VEC4",
            "max": [
                63,
                63,
                63,
                63
            ],
            "min": [
                0,
                0,
                0,
                0
            ]
        },
        {
            "bufferView": 5,
            "byteOffset": 0,
            "componentType": 5126,
            "count": 13538,
            "type": "VEC4",
            "max": [
                1.0,
                0.49998319149017334,
                0.3227204382419586,
                0.21494075655937195
            ],
            "min": [
                0.2798081934452057,
                0.0,
                0.0,
                0.0
            ]
        },
        {
            "bufferView": 6,
            "byteOffset": 0,
            "componentType": 5126,
            "count": 65,
            "type": "MAT4",
            "max": [
                100.00000762939453,
                99.99205780029297,
                54.80744552612305,
                -0.0,
                35.420772552490234,
                100.0,
                99.78128051757813,
                0.0,
                98.67672729492188,
                99.8973617553711,
                100.0,
                -0.0,
                42.792869567871094,
                49.4137077331543,
                90.552001953125,
                1.0
            ],
            "min": [
                -99.88130950927734,
                -99.95249938964844,
                -56.38705825805664,
                -0.0,
                -35.81588363647461,
                -99.20311737060547,
                -98.86257934570313,
                0.0,
                -99.1369857788086,
                -34.68428039550781,
                1.1068440675735474,
                -0.0,
                -44.27187728881836,
                -165.6481170654297,
                -13.314517974853516,
                1.0
            ]
        }
    ],
    "buffers": [
        {
            "byteLength": 1194112,
            "uri": "player.bin"
        }
    ],
    "bufferViews": [
        {
            "buffer": 0,
            "byteOffset": 0,
            "byteLength": 162456,
            "target": 34962
        },
        {
            "buffer": 0,
            "byteOffset": 162456,
            "byteLength": 162456,
            "target": 34962
        },
        {
            "buffer": 0,
            "byteOffset": 324912,
            "byteLength": 108304,
            "target": 34962
        },
        {
            "buffer": 0,
            "byteOffset": 433216,
            "byteLength": 323520,
            "target": 34963
        },
        {
            "buffer": 0,
            "byteOffset": 756736,
            "byteLength": 108304
        },
        {
            "buffer": 0,
            "byteOffset": 973344,
            "byteLength": 216608
        },
        {
            "buffer": 0,
            "byteOffset": 1189952,
            "byteLength": 4160
        }
    ],
    "images": [
        {
            "uri": "white.png"
        }
    ],
    "materials": [
        {
            "name": "None",
            "pbrMetallicRoughness": {
                "baseColorTexture": {
                    "index": 0
                },
                "metallicFactor": 0.0,
                "roughnessFactor": 0.2928932309150696
            },
            "doubleSided": true,
            "extensions": {
                "KHR_materials_specular": {
                    "specularFactor": 1.0,
                    "specularColorFactor": [
                        1.600000023841858,
                        1.600000023841858,
                        1.600000023841858
                    ]
                },
                "KHR_materials_ior": {
                    "ior": 1.4500000476837158
                }
            }
        },
        {
            "name": "material"
        }
    ],
    "meshes": [
        {
            "name": "Retopology_hp_Plane.002",
            "primitives": [
                {
                    "mode": 4,
                    "material": 0,
                    "indices": 3,
                    "attributes": {
                        "POSITION": 0,
                        "NORMAL": 1,
                        "TEXCOORD_0": 2,
                        "JOINTS_0": 4,
                        "WEIGHTS_0": 5
                    }
                }
            ]
        }
    ],
    "nodes": [
        {
            "name": "Armature",
            "matrix": [
                0.009999999776482582,
                0.0,
                0.0,
                0.0,
                0.0,
                -1.19209286886246e-9,
                0.010000000707805157,
                0.0,
                0.0,
                -0.010000000707805157,
                -1.19209286886246e-9,
                0.0,
                0.0,
                0.0,
                0.0,
                1.0
            ],
            "children": [
                1,
                2
            ]
        },
        {
            "name": "Retopology_hp_Plane.002",
            "mesh": 0,
            "skin": 0
        },
        {
            "name": "mixamorig:Hips",
            "matrix": [
                1.0,
                0.0,
                0.0,
                0.0,
                0.0,
                5.960464477539063e-8,
                -0.9999999403953552,
                0.0,
                0.0,
                0.9999999403953552,
                5.960464477539063e-8,
                0.0,
                0.0,
                5.1266350746154785,
                -54.21790313720703,
                1.0
            ],
            "children": [
                3,
                57,
                62
            ]
        },
        {
            "name": "mixamorig:Spine",
            "matrix": [
                1.0,
                0.0,
                0.0,
                0.0,
                0.0,
                0.988362193107605,
                -0.1521179974079132,
                0.0,
                0.0,
                0.1521179974079132,
                0.988362193107605,
                0.0,
                0.0,
                6.376658916473389,
                -0.9814264178276062,
                1.0
            ],
            "children": [
                4
            ]
        },
        {
            "name": "mixamorig:Spine1",
            "matrix": [
                1.0,
                0.0,
                0.0,
                0.0,
                0.0,
                1.0000001192092896,
                -3.8743019104003906e-7,
                0.0,
                0.0,
                3.8743019104003906e-7,
                1.0000001192092896,
                0.0,
                0.0,
                7.527047157287598,
                -2.384185791015625e-7,
                1.0
            ],
            "children": [
                5
            ]
        },
        {
            "name": "mixamorig:Spine2",
            "matrix": [
                1.0,
                0.0,
                0.0,
                0.0,
                0.0,
                0.9999999403953552,
                2.2351743211856956e-7,
                0.0,
                0.0,
                -2.2351743211856956e-7,
                0.9999999403953552,
                0.0,
                0.0,
                8.60230541229248,
                2.384185791015625e-7,
                1.0
            ],
            "children": [
                6,
                9,
                33
            ]
        },
        {
            "name": "mixamorig:Neck",
            "matrix": [
                1.0,
                0.0,
                0.0,
                0.0,
                0.0,
                0.9883623123168945,
                0.15211819112300873,
                0.0,
                0.0,
                -0.15211819112300873,
                0.9883623123168945,
                0.0,
                0.0,
                9.67760944366455,
                6.556510925292969e-7,
                1.0
            ],
            "children": [
                7
            ]
        },
        {
            "name": "mixamorig:Head",
            "matrix": [
                1.0,
                0.0,
                0.0,
                0.0,
                0.0,
                1.0,
                0.0,
                0.0,
                0.0,
                0.0,
                1.0,
                0.0,
                0.0,
                5.9189453125,
                -0.19551458954811096,
                1.0
            ],
            "children": [
                8
            ]
        },
        {
            "name": "mixamorig:HeadTop_End",
            "matrix": [
                1.0,
                0.0,
                0.0,
                0.0,
                0.0,
                1.0,
                0.0,
                0.0,
                0.0,
                0.0,
                1.0,
                0.0,
                0.0,
                73.62801361083984,
                -2.432067394256592,
                1.0
            ]
        },
        {
            "name": "mixamorig:LeftShoulder",
            "matrix": [
                -0.02749180793762207,
                -0.0019857585430145264,
                -0.9996199607849121,
                0.0,
                0.9431008696556091,
                -0.3315441310405731,
                -0.025278804823756218,
                0.0,
                -0.33136793971061707,
                -0.9434375762939453,
                0.010987579822540283,
                0.0,
                4.4200639724731445,
                7.988485336303711,
                -0.1374305784702301,
                1.0
            ],
            "children": [
                10
            ]
        },
        {
            "name": "mixamorig:LeftArm",
            "matrix": [
                0.9940143823623657,
                -0.10924934595823288,
                2.8870999813079834e-8,
                0.0,
                0.10555475950241089,
                0.96039879322052,
                -0.25786077976226807,
                0.0,
                0.02817109040915966,
                0.25631728768348694,
                0.9661818742752075,
                0.0,
                2.384185791015625e-7,
                9.518152236938477,
                6.705522537231445e-8,
                1.0
            ],
            "children": [
                11
            ]
        },
        {
            "name": "mixamorig:LeftForeArm",
            "matrix": [
                0.9887524247169495,
                0.1495615690946579,
                -2.3814209271222353e-8,
                0.0,
                -0.14956144988536835,
                0.9887517094612122,
                0.001204302185215056,
                0.0,
                0.0001801408943720162,
                -0.0011907530715689063,
                0.9999992847442627,
                0.0,
                5.960464477539063e-7,
                15.12264633178711,
                7.152557373046875e-7,
                1.0
            ],
            "children": [
                12
            ]
        },
        {
            "name": "mixamorig:LeftHand",
            "matrix": [
                0.9634053707122803,
                -0.11673147976398468,
                0.24129660427570343,
                0.0,
                0.15762732923030853,
                0.9748154282569885,
                -0.15776173770427704,
                0.0,
                -0.21680383384227753,
                0.19002339243888855,
                0.9575423002243042,
                0.0,
                0.0000016689300537109375,
                16.613374710083008,
                0.000014372169971466064,
                1.0
            ],
            "children": [
                13,
                17,
                21,
                25,
                29
            ]
        },
        {
            "name": "mixamorig:LeftHandThumb1",
            "matrix": [
                0.8674283623695374,
                0.4975617527961731,
                1.937150670983101e-7,
                0.0,
                -0.3761014938354492,
                0.6556792855262756,
                0.6547001004219055,
                0.0,
                0.3257535398006439,
                -0.5679054856300354,
                0.7558884620666504,
                0.0,
                -1.35392165184021,
                2.0712504386901855,
                2.1396374702453613,
                1.0
            ],
            "children": [
                14
            ]
        },
        {
            "name": "mixamorig:LeftHandThumb2",
            "matrix": [
                1.0,
                2.5924049396053306e-7,
                -4.178900780971162e-7,
                0.0,
                -2.324978396472943e-7,
                0.998028039932251,
                0.06277118623256683,
                0.0,
                4.3333881194485e-7,
                -0.06277117878198624,
                0.9980279207229614,
                0.0,
                -0.11508846282958984,
                2.6144771575927734,
                7.227063179016113e-7,
                1.0
            ],
            "children": [
                15
            ]
        },
        {
            "name": "mixamorig:LeftHandThumb3",
            "matrix": [
                1.0,
                4.4159520484754466e-10,
                -2.7740142627408204e-7,
                0.0,
                -6.661364437832162e-8,
                0.9711206555366516,
                -0.23858855664730072,
                0.0,
                2.6928492502520385e-7,
                0.23858857154846191,
                0.9711207151412964,
                0.0,
                0.04565143585205078,
                3.0269951820373535,
                -0.000004064291715621948,
                1.0
            ],
            "children": [
                16
            ]
        },
        {
            "name": "mixamorig:LeftHandThumb4",
            "matrix": [
                0.9999998807907104,
                -2.9802322387695313e-8,
                -8.195639367158947e-8,
                0.0,
                2.9802322387695313e-8,
                0.9999999403953552,
                -4.284084198502569e-8,
                0.0,
                8.195638656616211e-8,
                4.284083843231201e-8,
                0.9999998211860657,
                0.0,
                0.06944108009338379,
                2.7411844730377197,
                0.000002682209014892578,
                1.0
            ]
        },
        {
            "name": "mixamorig:LeftHandIndex1",
            "matrix": [
                0.9476321935653687,
                0.31936365365982056,
                5.587935003603661e-9,
                0.0,
                -0.3192935287952423,
                0.947424054145813,
                -0.020959213376045227,
                0.0,
                -0.006693615112453699,
                0.01986161805689335,
                0.9997801184654236,
                0.0,
                -3.1673011779785156,
                7.749436855316162,
                0.05706825852394104,
                1.0
            ],
            "children": [
                18
            ]
        },
        {
            "name": "mixamorig:LeftHandIndex2",
            "matrix": [
                1.0,
                -4.825662927032681e-7,
                4.606310355370624e-8,
                0.0,
                4.822838945983676e-7,
                0.9999822974205017,
                0.005946354940533638,
                0.0,
                -4.893179905707257e-8,
                -0.005946354940533638,
                0.9999822974205017,
                0.0,
                0.0020891427993774414,
                1.9035406112670898,
                -0.000002115964889526367,
                1.0
            ],
            "children": [
                19
            ]
        },
        {
            "name": "mixamorig:LeftHandIndex3",
            "matrix": [
                1.0000001192092896,
                9.014595434564399e-7,
                2.2406707600453046e-8,
                0.0,
                -9.015809041557077e-7,
                0.9990538358688354,
                0.04348978400230408,
                0.0,
                1.6818772152760175e-8,
                -0.043489787727594376,
                0.9990538954734802,
                0.0,
                0.0019795894622802734,
                1.7959309816360474,
                -0.000010371208190917969,
                1.0
            ],
            "children": [
                20
            ]
        },
        {
            "name": "mixamorig:LeftHandIndex4",
            "matrix": [
                0.9999999403953552,
                -1.30385160446167e-8,
                1.3969838619232178e-7,
                0.0,
                1.3038517820973539e-8,
                0.9999999403953552,
                -1.30385160446167e-8,
                0.0,
                -1.3969838619232178e-7,
                1.3038517820973539e-8,
                0.9999999403953552,
                0.0,
                -0.004069328308105469,
                1.6241430044174194,
                -0.000012278556823730469,
                1.0
            ]
        },
        {
            "name": "mixamorig:LeftHandMiddle1",
            "matrix": [
                0.9938477873802185,
                0.11075465381145477,
                -9.244831744581461e-8,
                0.0,
                -0.11075391620397568,
                0.9938412308692932,
                0.0036133627872914076,
                0.0,
                0.00040028849616646767,
                -0.003591121407225728,
                0.9999931454658508,
                0.0,
                -1.0452669858932495,
                8.114174842834473,
                -0.0816388726234436,
                1.0
            ],
            "children": [
                22
            ]
        },
        {
            "name": "mixamorig:LeftHandMiddle2",
            "matrix": [
                0.9999999403953552,
                5.689225304195134e-7,
                2.7209998165744764e-7,
                0.0,
                -5.963947842246853e-7,
                0.9933906197547913,
                0.11478272825479507,
                0.0,
                -2.0499911101978796e-7,
                -0.11478272080421448,
                0.9933905601501465,
                0.0,
                0.022170156240463257,
                1.9706532955169678,
                -0.0000013113021850585938,
                1.0
            ],
            "children": [
                23
            ]
        },
        {
            "name": "mixamorig:LeftHandMiddle3",
            "matrix": [
                0.9999998807907104,
                -6.501205120912346e-7,
                -3.7866652746743057e-7,
                0.0,
                7.238130592668313e-7,
                0.968647837638855,
                0.24843789637088776,
                0.0,
                2.0528000277408864e-7,
                -0.24843789637088776,
                0.968647837638855,
                0.0,
                0.004841983318328857,
                1.94435715675354,
                0.000017315149307250977,
                1.0
            ],
            "children": [
                24
            ]
        },
        {
            "name": "mixamorig:LeftHandMiddle4",
            "matrix": [
                0.9999999403953552,
                2.444721936001315e-8,
                -4.324829561141996e-8,
                0.0,
                -2.444721936001315e-8,
                0.9999999403953552,
                -9.313225746154785e-9,
                0.0,
                4.324829561141996e-8,
                9.313227522511625e-9,
                0.9999999403953552,
                0.0,
                -0.027008503675460815,
                1.60381281375885,
                -0.000033855438232421875,
                1.0
            ]
        },
        {
            "name": "mixamorig:LeftHandRing1",
            "matrix": [
                0.9969984889030457,
                -0.07741941511631012,
                -1.0617075929530984e-7,
                0.0,
                0.07669053971767426,
                0.9876119494438171,
                0.13689757883548737,
                0.0,
                -0.010598424822092056,
                -0.13648667931556702,
                0.9905849695205688,
                0.0,
                1.2374391555786133,
                8.285815238952637,
                -0.07148349285125732,
                1.0
            ],
            "children": [
                26
            ]
        },
        {
            "name": "mixamorig:LeftHandRing2",
            "matrix": [
                1.0000001192092896,
                -6.627603710285257e-8,
                -1.3935736831172107e-7,
                0.0,
                8.273557483562399e-8,
                0.9925739169120789,
                0.12164206057786942,
                0.0,
                1.3026053125031467e-7,
                -0.12164207547903061,
                0.9925740361213684,
                0.0,
                0.012132406234741211,
                1.8160557746887207,
                -0.000014662742614746094,
                1.0
            ],
            "children": [
                27
            ]
        },
        {
            "name": "mixamorig:LeftHandRing3",
            "matrix": [
                1.0,
                0.0000014051051948626991,
                -3.51627420513978e-8,
                0.0,
                -0.0000013851372386852745,
                0.9894196391105652,
                0.14508193731307983,
                0.0,
                2.386460948855529e-7,
                -0.14508193731307983,
                0.9894196391105652,
                0.0,
                -0.0006508827209472656,
                1.6687864065170288,
                -0.000017881393432617188,
                1.0
            ],
            "children": [
                28
            ]
        },
        {
            "name": "mixamorig:LeftHandRing4",
            "matrix": [
                1.0000001192092896,
                1.862644971595273e-8,
                3.91155481338501e-8,
                0.0,
                -1.862644793959589e-8,
                1.0,
                -5.5879341154252415e-9,
                0.0,
                -3.91155481338501e-8,
                5.587933671336032e-9,
                1.0000001192092896,
                0.0,
                -0.011491775512695313,
                1.4519761800765991,
                0.000004410743713378906,
                1.0
            ]
        },
        {
            "name": "mixamorig:LeftHandPinky1",
            "matrix": [
                0.9673694968223572,
                -0.25336945056915283,
                1.7508862981685525e-7,
                0.0,
                0.251012921333313,
                0.9583723545074463,
                0.1360691785812378,
                0.0,
                -0.034475941210985184,
                -0.1316291242837906,
                0.9906991124153137,
                0.0,
                2.9751358032226563,
                7.284572124481201,
                -0.11014151573181152,
                1.0
            ],
            "children": [
                30
            ]
        },
        {
            "name": "mixamorig:LeftHandPinky2",
            "matrix": [
                1.0,
                -1.5307469425351883e-7,
                -2.7278858283352747e-7,
                0.0,
                1.8965201320497727e-7,
                0.9902107119560242,
                0.13957995176315308,
                0.0,
                2.4875203052943107e-7,
                -0.13957995176315308,
                0.9902107119560242,
                0.0,
                0.015524864196777344,
                1.9706895351409912,
                -0.000006973743438720703,
                1.0
            ],
            "children": [
                31
            ]
        },
        {
            "name": "mixamorig:LeftHandPinky3",
            "matrix": [
                1.0,
                0.0000013170595138944918,
                1.7300769172834407e-7,
                0.0,
                -0.0000013278965980134672,
                0.9946174025535583,
                0.10361559689044952,
                0.0,
                -3.560856143280944e-8,
                -0.10361558943986893,
                0.9946173429489136,
                0.0,
                -0.003135204315185547,
                1.5029317140579224,
                -0.000006198883056640625,
                1.0
            ],
            "children": [
                32
            ]
        },
        {
            "name": "mixamorig:LeftHandPinky4",
            "matrix": [
                1.0,
                2.2351741790771484e-8,
                -2.2351741790771484e-8,
                0.0,
                -2.2351741790771484e-8,
                1.0,
                3.725292518907963e-9,
                0.0,
                2.2351745343485163e-8,
                -3.7252920748187535e-9,
                1.0000001192092896,
                0.0,
                -0.012394905090332031,
                1.395605206489563,
                0.000008821487426757813,
                1.0
            ]
        },
        {
            "name": "mixamorig:RightShoulder",
            "matrix": [
                -0.08069396018981934,
                0.0023597776889801025,
                0.9967361688613892,
                0.0,
                -0.9431010484695435,
                -0.32380151748657227,
                -0.07558518648147583,
                0.0,
                0.32256630063056946,
                -0.9461221098899841,
                0.028354346752166748,
                0.0,
                -4.4200639724731445,
                8.025333404541016,
                -0.3768424391746521,
                1.0
            ],
            "children": [
                34
            ]
        },
        {
            "name": "mixamorig:RightArm",
            "matrix": [
                0.9999998211860657,
                0.0005695857689715922,
                -6.017944542691112e-8,
                0.0,
                -0.0005524744046851993,
                0.9699323773384094,
                -0.24337342381477356,
                0.0,
                -0.00013856368605047464,
                0.24337342381477356,
                0.9699326753616333,
                0.0,
                4.470348358154297e-8,
                9.518153190612793,
                0.000005716457962989807,
                1.0
            ],
            "children": [
                35
            ]
        },
        {
            "name": "mixamorig:RightForeArm",
            "matrix": [
                0.9957972764968872,
                -0.09158384799957275,
                -3.355671296390028e-8,
                0.0,
                0.09158332645893097,
                0.9957916140556335,
                -0.0033852809574455023,
                0.0,
                0.0003100705216638744,
                0.0033710510469973087,
                0.9999942779541016,
                0.0,
                5.960464477539063e-7,
                15.047953605651855,
                0.000001043081283569336,
                1.0
            ],
            "children": [
                36
            ]
        },
        {
            "name": "mixamorig:RightHand",
            "matrix": [
                0.9736043810844421,
                0.10429300367832184,
                -0.20302100479602814,
                0.0,
                -0.1400073617696762,
                0.9753855466842651,
                -0.17035622894763947,
                0.0,
                0.18025676906108856,
                0.19428399205207825,
                0.9642412662506104,
                0.0,
                -0.000002086162567138672,
                16.61066436767578,
                0.000011242926120758057,
                1.0
            ],
            "children": [
                37,
                41,
                45,
                49,
                53
            ]
        },
        {
            "name": "mixamorig:RightHandThumb1",
            "matrix": [
                0.884451150894165,
                -0.4666324555873871,
                -1.0430811414607888e-7,
                0.0,
                0.34070634841918945,
                0.6457717418670654,
                0.6832993030548096,
                0.0,
                -0.3188495934009552,
                -0.6043449640274048,
                0.73013836145401,
                0.0,
                1.3609938621520996,
                2.0962960720062256,
                2.32948899269104,
                1.0
            ],
            "children": [
                38
            ]
        },
        {
            "name": "mixamorig:RightHandThumb2",
            "matrix": [
                0.9999999403953552,
                -5.151283062332368e-7,
                3.452508678947197e-7,
                0.0,
                5.279529773360991e-7,
                0.999268651008606,
                -0.03823719546198845,
                0.0,
                -3.2530138582842483e-7,
                0.038237202912569046,
                0.9992688298225403,
                0.0,
                0.1804213523864746,
                2.7273244857788086,
                -0.0000016614794731140137,
                1.0
            ],
            "children": [
                39
            ]
        },
        {
            "name": "mixamorig:RightHandThumb3",
            "matrix": [
                1.0,
                1.1417433398719368e-7,
                -2.5496376565570245e-7,
                0.0,
                -1.5404656039663678e-7,
                0.9867375493049622,
                -0.16232286393642426,
                0.0,
                2.3304923502109887e-7,
                0.16232286393642426,
                0.9867375493049622,
                0.0,
                0.059287309646606445,
                2.969757318496704,
                -0.000013723969459533691,
                1.0
            ],
            "children": [
                40
            ]
        },
        {
            "name": "mixamorig:RightHandThumb4",
            "matrix": [
                1.0000001192092896,
                -1.4901161193847656e-8,
                -1.266598843585598e-7,
                0.0,
                1.4901162970204496e-8,
                1.0,
                2.2351740014414645e-8,
                0.0,
                1.2665987014770508e-7,
                -2.2351743567128324e-8,
                1.0,
                0.0,
                -0.23970699310302734,
                2.5947093963623047,
                -7.748603820800781e-7,
                1.0
            ]
        },
        {
            "name": "mixamorig:RightHandIndex1",
            "matrix": [
                0.9497306942939758,
                -0.3130680024623871,
                1.227454049512744e-8,
                0.0,
                0.3130679130554199,
                0.9497305154800415,
                -0.0005502286367118359,
                0.0,
                0.00017224733892362565,
                0.0005225728964433074,
                0.9999997615814209,
                0.0,
                3.1967029571533203,
                7.980120658874512,
                0.070040762424469,
                1.0
            ],
            "children": [
                42
            ]
        },
        {
            "name": "mixamorig:RightHandIndex2",
            "matrix": [
                1.0,
                -8.302059484321944e-8,
                -1.2128836601732473e-7,
                0.0,
                8.089218539453213e-8,
                0.999847948551178,
                -0.01744420826435089,
                0.0,
                1.2271813432107592e-7,
                0.017444204539060593,
                0.9998477697372437,
                0.0,
                0.0010303258895874023,
                1.8441755771636963,
                -0.000011056661605834961,
                1.0
            ],
            "children": [
                43
            ]
        },
        {
            "name": "mixamorig:RightHandIndex3",
            "matrix": [
                1.0,
                4.916714715363923e-7,
                2.1427922547445633e-7,
                0.0,
                -5.029809813095198e-7,
                0.9984061121940613,
                0.05643651261925697,
                0.0,
                -1.8618946739934472e-7,
                -0.05643651261925697,
                0.9984061121940613,
                0.0,
                -0.004430413246154785,
                1.7251147031784058,
                0.000010848045349121094,
                1.0
            ],
            "children": [
                44
            ]
        },
        {
            "name": "mixamorig:RightHandIndex4",
            "matrix": [
                1.0,
                6.33299421792799e-8,
                -7.264316792543468e-8,
                0.0,
                -6.332992796842518e-8,
                0.9999998211860657,
                -2.7939675462107516e-8,
                0.0,
                7.264316082000732e-8,
                2.7939682567534874e-8,
                0.9999999403953552,
                0.0,
                0.0033991336822509766,
                1.5359398126602173,
                0.000004827976226806641,
                1.0
            ]
        },
        {
            "name": "mixamorig:RightHandMiddle1",
            "matrix": [
                0.9959379434585571,
                -0.09004133939743042,
                -6.658955697957936e-8,
                0.0,
                0.08970501273870468,
                0.9922178387641907,
                0.08635246008634567,
                0.0,
                -0.007775225676596165,
                -0.08600170165300369,
                0.996264636516571,
                0.0,
                1.0306217670440674,
                8.156135559082031,
                -0.18779122829437256,
                1.0
            ],
            "children": [
                46
            ]
        },
        {
            "name": "mixamorig:RightHandMiddle2",
            "matrix": [
                0.9999998807907104,
                3.612667001107184e-7,
                -3.250634392770735e-7,
                0.0,
                -3.4421017858221603e-7,
                0.9986974000930786,
                0.051023781299591064,
                0.0,
                3.4307319651816215e-7,
                -0.051023781299591064,
                0.9986974000930786,
                0.0,
                -0.008483648300170898,
                1.9985731840133667,
                0.000003904104232788086,
                1.0
            ],
            "children": [
                47
            ]
        },
        {
            "name": "mixamorig:RightHandMiddle3",
            "matrix": [
                1.0,
                -3.8414538039432955e-7,
                2.0267778211291443e-7,
                0.0,
                3.7464968727363157e-7,
                0.9989898204803467,
                0.044936709105968475,
                0.0,
                -2.1973522734697326e-7,
                -0.04493670165538788,
                0.9989896416664124,
                0.0,
                0.0006628036499023438,
                1.9279561042785645,
                0.00001615285873413086,
                1.0
            ],
            "children": [
                48
            ]
        },
        {
            "name": "mixamorig:RightHandMiddle4",
            "matrix": [
                0.9999999403953552,
                5.820764981123716e-10,
                -3.015156835317612e-8,
                0.0,
                -5.820767201569765e-10,
                0.9999999403953552,
                -6.05359717908982e-9,
                0.0,
                3.015156835317612e-8,
                6.05359717908982e-9,
                0.9999999403953552,
                0.0,
                0.007823824882507324,
                1.7854113578796387,
                -0.00001677870750427246,
                1.0
            ]
        },
        {
            "name": "mixamorig:RightHandRing1",
            "matrix": [
                0.9984039664268494,
                0.05647620931267738,
                -1.8579885363578796e-7,
                0.0,
                -0.05546101555228233,
                0.980457603931427,
                0.1887509971857071,
                0.0,
                0.010660123080015182,
                -0.18844972550868988,
                0.9820249676704407,
                0.0,
                -1.2828483581542969,
                8.167824745178223,
                -0.10316908359527588,
                1.0
            ],
            "children": [
                50
            ]
        },
        {
            "name": "mixamorig:RightHandRing2",
            "matrix": [
                0.9999999403953552,
                1.9935711748075846e-7,
                -1.4996324182448006e-7,
                0.0,
                -1.8807305934842589e-7,
                0.9974179863929749,
                0.07181302458047867,
                0.0,
                1.6389249424264563e-7,
                -0.07181302458047867,
                0.9974180459976196,
                0.0,
                -0.007554531097412109,
                1.8436492681503296,
                0.0000032186508178710938,
                1.0
            ],
            "children": [
